10 10
 2  2  3  4  5  6  7  8  9 10
11 12 13 14 15 16 17 18 19 20
21 22 23 24 25 26 27 28 29 30
31 32 33 34 35 36 37 38 39 40
41 42 43 44 45 46 47 48 49 50
51 52 53 54 55 56 57 58 59 60
61 62 63 64 65 66 67 68 69 70
71 72 73 74 75 76 77 78 79 80
81 82 83 84 85 86 87 88 89 90
91 92 93 94 95 96 97 98 99 100
10 10
9999 9783 9187 9345 9999 9124 2987 9492 9312 32
5674 2987 1947 1947 9828 8749 9273 7291 9849 2946
98 9274 9749 2946 9472 9375 9274 9274 9271 9465
9174 4628 2659 649 4629 458 256 8453 8462 2853 
935 2842 184 2965 2865 392 9462 3851 8452 973
983 54 8739 9624 7871 8642 9651 9661 9725 1964
9286 285 1742 9173 1973 9274 9276 1974 9746 972
8973 788 786 6868 6868 6522 5784 836 7355 2756
779 84 3685 8365 2864 2974 288 888 777 767
333 345 543 765 567 987 181 908 981 873
10 80
9999 9783 9187 9345 9999 9124 2987 9492 9312 32 9999 9783 9187 9345 9999 9124 2987 9492 9312 32 9999 9783 9187 9345 9999 9124 2987 9492 9312 32 9999 9783 9187 9345 9999 9124 2987 9492 9312 32 9999 9783 9187 9345 9999 9124 2987 9492 9312 32 9999 9783 9187 9345 9999 9124 2987 9492 9312 32 9999 9783 9187 9345 9999 9124 2987 9492 9312 32 9999 9783 9187 9345 9999 9124 2987 9492 9312 32
5674 2987 1947 1947 9828 8749 9273 7291 9849 2946 5674 2987 1947 1947 9828 8749 9273 7291 9849 2946 5674 2987 1947 1947 9828 8749 9273 7291 9849 2946 5674 2987 1947 1947 9828 8749 9273 7291 9849 2946 5674 2987 1947 1947 9828 8749 9273 7291 9849 2946 5674 2987 1947 1947 9828 8749 9273 7291 9849 2946 5674 2987 1947 1947 9828 8749 9273 7291 9849 2946 5674 2987 1947 1947 9828 8749 9273 7291 9849 2946
98 9274 9749 2946 9472 9375 9274 9274 9271 9465 98 9274 9749 2946 9472 9375 9274 9274 9271 9465 98 9274 9749 2946 9472 9375 9274 9274 9271 9465 98 9274 9749 2946 9472 9375 9274 9274 9271 9465 98 9274 9749 2946 9472 9375 9274 9274 9271 9465 98 9274 9749 2946 9472 9375 9274 9274 9271 9465 98 9274 9749 2946 9472 9375 9274 9274 9271 9465 98 9274 9749 2946 9472 9375 9274 9274 9271 9465
9174 4628 2659 649 4629 458 256 8453 8462 2853 9174 4628 2659 649 4629 458 256 8453 8462 2853 9174 4628 2659 649 4629 458 256 8453 8462 2853 9174 4628 2659 649 4629 458 256 8453 8462 2853 9174 4628 2659 649 4629 458 256 8453 8462 2853 9174 4628 2659 649 4629 458 256 8453 8462 2853 9174 4628 2659 649 4629 458 256 8453 8462 2853 9174 4628 2659 649 4629 458 256 8453 8462 2853 
935 2842 184 2965 2865 392 9462 3851 8452 973 935 2842 184 2965 2865 392 9462 3851 8452 973 935 2842 184 2965 2865 392 9462 3851 8452 973 935 2842 184 2965 2865 392 9462 3851 8452 973 935 2842 184 2965 2865 392 9462 3851 8452 973 935 2842 184 2965 2865 392 9462 3851 8452 973 935 2842 184 2965 2865 392 9462 3851 8452 973 935 2842 184 2965 2865 392 9462 3851 8452 973 
983 54 8739 9624 7871 8642 9651 9661 9725 1964 983 54 8739 9624 7871 8642 9651 9661 9725 1964 983 54 8739 9624 7871 8642 9651 9661 9725 1964 983 54 8739 9624 7871 8642 9651 9661 9725 1964 983 54 8739 9624 7871 8642 9651 9661 9725 1964 983 54 8739 9624 7871 8642 9651 9661 9725 1964 983 54 8739 9624 7871 8642 9651 9661 9725 1964 983 54 8739 9624 7871 8642 9651 9661 9725 1964
9286 285 1742 9173 1973 9274 9276 1974 9746 972 9286 285 1742 9173 1973 9274 9276 1974 9746 972 9286 285 1742 9173 1973 9274 9276 1974 9746 972 9286 285 1742 9173 1973 9274 9276 1974 9746 972 9286 285 1742 9173 1973 9274 9276 1974 9746 972 9286 285 1742 9173 1973 9274 9276 1974 9746 972 9286 285 1742 9173 1973 9274 9276 1974 9746 972 9286 285 1742 9173 1973 9274 9276 1974 9746 972
8973 788 786 6868 6868 6522 5784 836 7355 2756 8973 788 786 6868 6868 6522 5784 836 7355 2756 8973 788 786 6868 6868 6522 5784 836 7355 2756 8973 788 786 6868 6868 6522 5784 836 7355 2756 8973 788 786 6868 6868 6522 5784 836 7355 2756 8973 788 786 6868 6868 6522 5784 836 7355 2756 8973 788 786 6868 6868 6522 5784 836 7355 2756 8973 788 786 6868 6868 6522 5784 836 7355 2756
779 84 3685 8365 2864 2974 288 888 777 767 779 84 3685 8365 2864 2974 288 888 777 767 779 84 3685 8365 2864 2974 288 888 777 767 779 84 3685 8365 2864 2974 288 888 777 767 779 84 3685 8365 2864 2974 288 888 777 767 779 84 3685 8365 2864 2974 288 888 777 767 779 84 3685 8365 2864 2974 288 888 777 767 779 84 3685 8365 2864 2974 288 888 777 767
333 345 543 765 567 987 181 908 981 873 333 345 543 765 567 987 181 908 981 873 333 345 543 765 567 987 181 908 981 873 333 345 543 765 567 987 181 908 981 873 333 345 543 765 567 987 181 908 981 873 333 345 543 765 567 987 181 908 981 873 333 345 543 765 567 987 181 908 981 873 333 345 543 765 567 987 181 908 981 873
1 10
9999 9998 9997 9996 9995 9994 9993 9992 9991 9990
20 19
6 8 6 2 2 3 4 5 5 6 3 8 8 5 3 2 5 8 7
8 4 2 2 9 9 9 5 2 7 4 3 9 5 4 3 2 4 9
6 8 7 8 7 7 7 4 6 3 7 4 9 9 6 4 7 4 3
5 4 9 4 7 5 5 7 6 8 9 5 7 3 4 8 6 4 8
5 5 7 8 5 4 4 5 4 9 9 7 7 8 5 9 9 3 5
5 9 8 9 6 3 9 6 4 2 3 8 9 7 4 7 7 9 8
5 4 3 3 6 8 9 7 2 2 8 6 2 3 6 8 9 8 8
8 7 7 4 9 5 2 4 7 7 2 6 3 4 7 2 5 7 6
3 5 6 9 5 7 5 4 8 6 4 7 6 9 7 8 5 5 7
9 6 6 3 2 8 7 2 6 7 8 4 7 5 9 4 3 8 6
4 4 7 3 4 4 4 8 2 3 2 9 4 8 9 9 3 5 6
5 9 4 6 7 5 6 2 6 7 8 5 3 6 7 2 9 9 2
4 7 5 4 4 7 3 5 7 4 5 6 2 8 7 3 5 6 9
6 7 9 2 6 7 3 8 4 6 5 7 3 9 7 6 6 3 2
9 5 9 4 7 6 6 2 8 2 7 8 6 9 7 5 7 6 9
8 3 3 6 5 9 7 9 3 6 7 9 4 9 3 9 9 9 8
7 3 9 5 8 4 5 9 3 8 8 6 3 6 7 8 2 8 3
9 7 7 8 4 2 3 6 3 9 7 8 6 5 4 9 2 9 6
8 4 6 2 3 7 8 8 6 4 2 6 7 8 8 2 6 9 9
8 7 5 2 5 5 7 9 4 2 4 2 5 9 2 2 5 5 5
6 13
10 10 96 88 75 68 36 53 81 49 64 86 18
45 91 86 37 41 22 50 77 19 91 73 95 58
61 59 86 84 80 92 75 44 98 65 36 33 70
89 77 42 10 17 34 10 22 82 74 14 84 82
34 77 90 42 12 61 46 37 75 59 43 86 79
36 26 20 41 29 16 72 42 31 56 24 76 70
7 11
52 77 38 30 55 92 12 37 51 88 98
11 79 12 75 55 41 53 15 22 61 39
91 97 67 63 32 58 72 25 51 56 35
83 14 29 57 95 32 57 17 92 30 57
68 92 53 37 31 32 70 88 40 28 72
63 15 36 13 77 31 85 34 14 21 47
36 81 89 32 54 36 59 94 47 93 13
14 10
44 73 68 49 93 38 68 19 48 90
99 56 61 13 74 30 84 91 72 69
10 99 53 53 53 33 67 48 88 78
37 30 14 17 48 42 61 54 21 22
97 70 12 48 45 61 16 55 33 56
44 74 40 57 14 64 35 48 77 78
58 80 81 14 40 70 13 25 28 36
25 15 90 24 90 20 60 95 10 58
75 43 63 55 71 31 13 27 15 21
20 19 38 12 38 42 63 66 57 12
28 39 18 68 35 46 94 45 48 51
59 87 19 91 34 38 71 67 61 35
47 62 94 61 33 94 75 17 23 34
76 32 14 65 51 59 97 14 56 90
4 14
78 35 62 85 41 82 85 32 78 33 73 67 60 59
77 58 36 29 24 88 74 11 10 26 24 86 20 22
38 80 84 26 42 20 23 19 88 89 67 30 11 58
33 59 95 85 30 76 19 68 37 74 17 15 59 52



Result:
13 1
6 1
48 1
0 1
43 26
12 1
11 4
14 1
9 3
